5496187
5608241
6955507
7380004
17313118
17361362
17483991
18044006
22850392
23217662
23841225
28347295
28457051
29091476
29883426
31404948
32209086
32228913
32872630
40600414
47742721
55790294
56174864
57605521
57686400
60602162
62220953
63992019
64037555
66906853
67351498
70576861
71059707
71084824
71580052
72282780
73554426
74999519
76584151
76646826
78638127
79551998
83365593
84538876
86046706
87634048
88095003
89377478
95824440
96783252
100305380
100605461
102241880
104637969
107829748
109759394
112017973
115262503
115299141
116415620
119719384
119936786
122651982
123044741
124171735
126650926
127646363
129775985
129778923
134793968
135496245
136212265
136670925
141295850
142013470
142199781
142813223
146110658
148613488
162097984
162289187
174147227
178171106
179098315
179114193
179961030
180315344
181870394
183544029
183580501
184445665
185823652
186873169
195352840
197570733
197755362
203385245
205544637
207686670
208922930
219654622
222486037
223613007
223886844
224790775
226662975
228720196
232673688
234868201
239871902
242885752
243141088
244625036
249889476
252361418
254729928
257451739
259625805
260636743
261731297
262135072
262502633
262842690
265991480
267506515
268712276
269845410
271992483
274876162
275114665
279770143
282993292
283495632
289266871
291269678
292400736
294353986
295497761
297030221
297189240
298044021
298765179
300808750
301539638
301727198
307389723
309063705
309653569
317365374
320595961
325315846
329491552
329854812
330504728
335157671
336819969
337969655
338318676
343666362
348639309
348823464
349035620
349667029
354161660
355876510
359734242
360402479
360846923
364683516
367780541
371541366
373319909
374438480
375617140
375808269
380651165
381417587
382089999
383605491
386646420
387145725
389160302
392323674
394349055
399287738
402161090
405166914
405831991
408363771
408847994
410132504
417537420
421133334
426682975
426883813
431646868
433134403
433317925
433574496
435075157
436983004
439783603
440479858
442472734
446429065
447792913
448040772
449527777
451089891
452513101
454523033
460256368
463271869
463785215
465002277
467114023
472391928
473557170
474877769
478359365
478858071
479534369
481475887
487413830
487483483
491647106
492299493
498441726
503179584
510912580
511638225
512884891
513740594
514990320
518738172
519448799
526338136
529161081
533293643
534020876
539918695
540562271
540767533
542874967
546085571
548371154
548607191
553394124
556943913
557572063
558172497
558661245
558859512
559063536
559776638
560049213
560537990
565348984
566758989
566881600
570765715
574190056
575204172
578147985
580976740
582913164
583982510
585217917
586240949
586606766
587497621
591464210
593697214
593772037
594159959
595520176
599421277
601151963
602348388
603340568
605471959
612363173
615143925
618635954
618685328
621376843
621579797
627032590
627155658
627860376
635026746
636786880
638103534
640515877
640937656
643125791
643247661
644810743
648166528
653352089
655193113
657643629
658499421
660423172
664687183
667070318
671141708
671894037
677088600
677639019
679275971
682892566
684666388
686546329
686949094
689141019
691703400
692885399
694055003
697610203
700111929
704068841
705212394
705395365
708199509
710916519
711717597
715491112
720354848
721411683
726669940
726701679
732283244
732464057
735160947
736226734
737716211
738572671
739060424
740707366
744109766
744230730
744231779
752689203
753394428
753949348
755181199
757524356
758249090
759130732
763207978
767467144
770123738
774064492
776705156
777592383
778228218
778518497
780977278
782448479
785379910
791874742
796517905
796558620
797283967
800825853
803951216
806134775
806598970
807180035
809553489
813005228
823422401
826539801
826761308
831431561
832716265
833558318
835047224
837688375
840286415
841275720
844515932
845854661
846707889
847026464
849659452
851561259
852933354
853423198
861466522
871149341
871507327
871689051
873250381
874548982
879691087
883430189
884907903
884943919
886529720
888481364
888558004
890690020
893385536
897645527
899100364
901073073
901670952
902249863
902564593
902664777
906651095
908717077
913535516
914562618
919910459
922401837
922944894
924576421
925513709
927327282
934418889
935537838
937957916
939914686
941492714
942266737
942863419
946003902
946038857
951913545
955914603
959730219
960765699
961363133
962374875
965826322
966656796
969934186
971381753
978156658
984254908
985110767
986528527
987815221
992707497
996439392
999373732
1000797672
1003857145
1006854652
1010385571
1011218197
1012009257
1013440178
1013802078
1014973220
1019592672
1020248111
1033136496
1034096667
1036880559
1037474846
1038751387
1038773540
1041936814
1042220668
1045958978
1047063233
1051770358
1055849812
1057039587
1058893246
1065778039
1065970088
1066078098
1069290223
1074983577
1079903980
1081535102
1083215946
1087635912
1091054566
1099254127
1100312539
1108475701
1110149951
1114059942
1119048876
1122509373
1123754532
1124414061
1128365883
1129257071
1129806636
1130391149
1132876187
1133552479
1133554199
1133971874
1135217350
1137205501
1137573429
1146567018
1146871422
1148370731
1150797697
1156487403
1156790247
1156841706
1158352434
1159444622
1159768243
1159961243
1161509925
1166289067
1175641135
1179690225
1181486457
1183271867
1183499956
1183893369
1184339274
1186124532
1186142079
1190684038
1192431157
1196422082
1197129095
1201770606
1201803021
1202943871
1203399753
1205958394
1206878227
1207703965
1208178895
1208297413
1213935093
1215619836
1216386253
1218284762
1220282970
1221315617
1228574265
1230756984
1231577801
1231735401
1233183307
1236943565
1237358092
1245738473
1247355100
1248404416
1248552055
1250395708
1250669070
1253673981
1254840351
1256194410
1256402524
1257780528
1258126373
1258757753
1259432789
1259592225
1259857484
1262405183
1262653869
1262836640
1265717784
1266375669
1268855052
1270517082
1272745304
1274897753
1275171475
1275824534
1279238602
1279898257
1283164699
1284879184
1285500236
1301530083
1306231063
1307679579
1308463902
1309813501
1312274287
1318073103
1320700016
1321722890
1323569290
1325190942
1327685235
1328776885
1328829632
1329140611
1329412462
1329856866
1334699414
1335987462
1336224801
1339235305
1341308029
1343248928
1343679235
1344592723
1349268665
1349814820
1351545623
1353292248
1353698092
1355692667
1358485955
1362885579
1363705427
1363727854
1366085562
1370091479
1370332494
1377092216
1381894712
1381936304
1387404114
1389625087
1389721133
1391782046
1393815692
1398040233
1400252015
1402231265
1403636902
1405570582
1407684977
1416911223
1417727099
1417785789
1417795966
1419029735
1420266171
1422736909
1423783296
1425953215
1426253559
1430939171
1432443650
1438051892
1438303411
1439041629
1439878030
1444426244
1450089701
1450857762
1452243646
1452403082
1453866780
1458605617
1458861299
1459552294
1460851492
1461084012
1465291928
1465305945
1476720447
1481348065
1485499779
1489504513
1491647095
1492797578
1494826098
1501730299
1503507453
1510445043
1512943714
1516452593
1517110753
1518550396
1520824803
1521324816
1521916510
1522175365
1523260299
1525382419
1526859483
1526980642
1529225411
1529235052
1531006710
1533882184
1534197874
1535805427
1537892704
1538885271
1546308597
1553453572
1558151630
1559080694
1567057470
1569976518
1572285882
1576647320
1577364172
1577577935
1577706804
1577895968
1578586096
1579019969
1579127617
1580663462
1582748491
1583006391
1583724030
1584695164
1585408253
1587537417
1589158709
1589820307
1597540585
1598396096
1599532032
1602789478
1604727658
1604830730
1608952411
1609031950
1609419820
1611396200
1611822925
1614197327
1616301730
1616841624
1618132275
1621667086
1622692938
1624700423
1625175680
1626707169
1628344769
1629236454
1629655769
1630605182
1632080427
1632380046
1645127081
1645442541
1647294794
1651296016
1653522976
1655835071
1657412755
1657645282
1659340298
1663220269
1663898276
1666479592
1667610158
1668600700
1670686265
1671304798
1671454960
1672232379
1675857396
1676476720
1677484688
1678501429
1679100122
1681357974
1683070513
1683531450
1684664341
1686102333
1688014573
1688253935
1688364833
1695032340
1695482272
1697011098
1699651447
1699994220
1701166985
1704208660
1706111628
1712777601
1712983869
1713054450
1714398052
1716450778
1718231238
1719944943
1720668030
1721736136
1722139231
1722864094
1724176232
1725980094
1728844420
1729104395
1730882854
1731451571
1733585895
1738993917
1739088695
1741557117
1743427133
1743502447
1744098400
1748816531
1749466680
1750868253
1752015840
1752306395
1752346786
1755348717
1757054188
1761436946
1762495185
1767722451
1769663067
1774071920
1774536784
1775636219
1775735237
1777694711
1783617661
1784691270
1785712847
1787951333
1788992945
1790494515
1790636731
1791161780
1795552563
1796185571
1796715909
1797023353
1798537097
1799534521
1802390021
1804597986
1806255643
1806889737
1808473774
1815022609
1817550670
1823316956
1825210780
1825887647
1826174458
1827463713
1827631049
1828237575
1830114990
1831066960
1832273026
1833845817
1836248956
1839490010
1841105518
1847021883
1847824137
1848348207
1849727105
1855958750
1856381663
1856819620
1857560350
1860127393
1865293392
1867373860
1868446735
1869855775
1871940444
1881599270
1882205984
1883782026
1887963579
1889301806
1890666694
1898976159
1901883544
1903471838
1906233662
1907292769
1907680891
1911020147
1912239077
1912603304
1915839938
1915897237
1916244189
1918221206
1918304612
1918597557
1920580535
1924362272
1925932171
1928188928
1929132799
1930479455
1932643106
1935982255
1939795390
1940251722
1947547252
1947903022
1949967882
1950182484
1950590087
1951216904
1952750465
1953006198
1954245699
1954672790
1958196334
1959914603
1967146937
1969329656
1969769185
1972305718
1973031997
1975968128
1977424499
1979466088
1981415666
1983696301
1986249468
1986473204
1988463646
1991157397
1991336579
1994478065
1994625563
1995652227
1996445656
2000709130
2001148416
2001343053
2003868171
2004089263
2007906251
2009229183
2023173895
2023327872
2023500916
2025364607
2025738131
2026197496
2026562776
2027374707
2037756818
2038298885
2038660060
2039502779
2042117546
2044382194
2045392340
2046602625
2048478495
2048834589
2049593024
2053308212
2058257659
2058688077
2062582889
2064892654
2068418244
2070016676
2070742698
2074369785
2080757689
2082785121
2083144581
2085615056
2086752793
2090826097
2094404860
2094405460
2097628584
2102041747
2102829105
2102841813
2105593819
2107930151
2109771789
2111003193
2112517108
2117266983
2118733391
2120241633
2124041655
2126921955
2127079232
2129602739
2131459516
2133567879
2133853586
2136086136
2146012446
