187 200 1
188 200 2
171 204 3
168 200 4
165 200 5
180 204 6
154 210 7
152 208 8
162 216 9
160 200 10
176 220 11
180 216 12
156 208 13
168 224 14
135 210 15
144 224 16
119 204 17
126 216 18
133 228 19
120 200 20
126 210 21
132 220 22
138 230 23
144 240 24
125 200 25
130 208 26
135 216 27
140 224 28
145 232 29
150 240 30
155 248 31
160 256 32
165 264 33
136 204 34
140 210 35
144 216 36
148 222 37
152 228 38
156 234 39
160 240 40
164 246 41
168 252 42
172 258 43
176 264 44
180 270 45
184 276 46
188 282 47
192 288 48
196 294 49
100 200 50
102 204 51
104 208 52
106 212 53
108 216 54
110 220 55
112 224 56
114 228 57
116 232 58
118 236 59
120 240 60
122 244 61
124 248 62
126 252 63
128 256 64
130 260 65
132 264 66
134 268 67
136 272 68
138 276 69
140 280 70
142 284 71
144 288 72
146 292 73
148 296 74
150 300 75
152 304 76
154 308 77
156 312 78
158 316 79
160 320 80
162 324 81
164 328 82
166 332 83
168 336 84
170 340 85
172 344 86
174 348 87
176 352 88
178 356 89
180 360 90
182 364 91
184 368 92
186 372 93
188 376 94
190 380 95
192 384 96
194 388 97
196 392 98
198 396 99
100 200 100
