1 2 1
2 4 2
3 6 3
4 8 4
7 10 5
8 12 6
9 14 7
12 16 8
17 18 9
18 20 10
20 22 11
21 24 12
22 26 13
24 28 14
25 30 15
28 32 16
29 34 17
31 36 18
32 38 19
37 40 20
40 42 21
41 44 22
42 46 23
43 48 24
45 50 25
47 52 26
48 54 27
50 56 28
51 58 29
56 60 30
58 62 31
59 64 32
60 66 33
61 68 34
62 70 35
64 72 36
65 74 37
66 76 38
70 78 39
75 80 40
77 82 41
78 84 42
80 86 43
81 88 44
85 90 45
91 92 46
93 94 47
95 96 48
97 98 49
99 100 50
101 102 51
102 104 52
105 106 53
106 108 54
107 110 55
111 112 56
113 114 57
115 116 58
117 118 59
119 120 60
120 122 61
122 124 62
123 126 63
126 128 64
128 130 65
129 132 66
130 134 67
131 136 68
137 138 69
139 140 70
141 142 71
142 144 72
145 146 73
147 148 74
149 150 75
151 152 76
153 154 77
154 156 78
157 158 79
158 160 80
160 162 81
162 164 82
165 166 83
166 168 84
167 170 85
169 172 86
170 174 87
175 176 88
176 178 89
177 180 90
178 182 91
181 184 92
182 186 93
187 188 94
189 190 95
190 192 96
191 194 97
192 196 98
196 198 99
197 200 100
198 202 101
199 204 102
201 206 103
202 208 104
203 210 105
208 212 106
211 214 107
215 216 108
217 218 109
219 220 110
221 222 111
223 224 112
224 226 113
225 228 114
227 230 115
228 232 116
229 234 117
233 236 118
235 238 119
237 240 120
238 242 121
239 244 122
244 246 123
245 248 124
246 250 125
249 252 126
250 254 127
252 256 128
253 258 129
259 260 130
261 262 131
263 264 132
264 266 133
265 268 134
266 270 135
270 272 136
271 274 137
273 276 138
277 278 139
279 280 140
280 282 141
282 284 142
283 286 143
284 288 144
287 290 145
289 292 146
291 294 147
295 296 148
296 298 149
297 300 150
299 302 151
300 304 152
304 306 153
305 308 154
307 310 155
309 312 156
311 314 157
315 316 158
316 318 159
319 320 160
320 322 161
323 324 162
325 326 163
326 328 164
327 330 165
328 332 166
329 334 167
330 336 168
331 338 169
332 340 170
334 342 171
337 344 172
339 346 173
340 348 174
347 350 175
348 352 176
349 354 177
350 356 178
353 358 179
354 360 180
355 362 181
357 364 182
360 366 183
364 368 184
366 370 185
367 372 186
372 374 187
374 376 188
376 378 189
379 380 190
380 382 191
382 384 192
383 386 193
387 388 194
389 390 195
390 392 196
393 394 197
394 396 198
396 398 199
398 400 200
399 402 201
400 404 202
401 406 203
403 408 204
404 410 205
405 412 206
408 414 207
413 416 208
414 418 209
415 420 210
418 422 211
421 424 212
425 426 213
427 428 214
428 430 215
430 432 216
432 434 217
433 436 218
435 438 219
439 440 220
440 442 221
441 444 222
442 446 223
443 448 224
444 450 225
445 452 226
447 454 227
448 456 228
451 458 229
452 460 230
453 462 231
454 464 232
457 466 233
458 468 234
460 470 235
461 472 236
463 474 237
470 476 238
472 478 239
474 480 240
475 482 241
477 484 242
478 486 243
482 488 244
489 490 245
490 492 246
491 494 247
493 496 248
494 498 249
497 500 250
498 502 251
501 504 252
504 506 253
505 508 254
507 510 255
508 512 256
511 514 257
512 516 258
513 518 259
514 520 260
518 522 261
519 524 262
525 526 263
526 528 264
529 530 265
531 532 266
532 534 267
533 536 268
534 538 269
535 540 270
537 542 271
541 544 272
543 546 273
546 548 274
547 550 275
550 552 276
551 554 277
553 556 278
554 558 279
555 560 280
556 562 281
557 564 282
559 566 283
560 568 284
561 570 285
562 572 286
563 574 287
568 576 288
572 578 289
573 580 290
574 582 291
579 584 292
585 586 293
586 588 294
589 590 295
591 592 296
592 594 297
593 596 298
596 598 299
599 600 300
600 602 301
601 604 302
603 606 303
605 608 304
607 610 305
608 612 306
609 614 307
610 616 308
611 618 309
612 620 310
614 622 311
622 624 312
623 626 313
624 628 314
625 630 315
626 632 316
627 634 317
631 636 318
632 638 319
633 640 320
635 642 321
637 644 322
638 646 323
640 648 324
641 650 325
642 652 326
643 654 327
648 656 328
649 658 329
652 660 330
653 662 331
654 664 332
655 666 333
658 668 334
659 670 335
663 672 336
664 674 337
665 676 338
666 678 339
670 680 340
671 682 341
672 684 342
673 686 343
674 688 344
680 690 345
681 692 346
682 694 347
685 696 348
688 698 349
689 700 350
690 702 351
691 704 352
694 706 353
697 708 354
701 710 355
702 712 356
704 714 357
705 716 358
708 718 359
709 720 360
710 722 361
712 724 362
714 726 363
716 728 364
717 730 365
719 732 366
723 734 367
732 736 368
734 738 369
735 740 370
739 742 371
740 744 372
742 746 373
747 748 374
749 750 375
750 752 376
751 754 377
752 756 378
753 758 379
757 760 380
760 762 381
763 764 382
764 766 383
765 768 384
769 770 385
771 772 386
772 774 387
773 776 388
775 778 389
777 780 390
781 782 391
782 784 392
784 786 393
785 788 394
788 790 395
791 792 396
792 794 397
793 796 398
794 798 399
796 800 400
797 802 401
798 804 402
800 806 403
802 808 404
803 810 405
805 812 406
806 814 407
808 816 408
810 818 409
812 820 410
814 822 411
815 824 412
817 826 413
819 828 414
820 830 415
821 832 416
822 834 417
824 836 418
826 838 419
830 840 420
831 842 421
832 844 422
833 846 423
834 848 424
835 850 425
836 852 426
843 854 427
846 856 428
848 858 429
850 860 430
854 862 431
855 864 432
856 866 433
857 868 434
859 870 435
860 872 436
863 874 437
866 876 438
867 878 439
870 880 440
871 882 441
872 884 442
873 886 443
874 888 444
875 890 445
876 892 446
878 894 447
887 896 448
891 898 449
896 900 450
897 902 451
898 904 452
899 906 453
900 908 454
901 910 455
902 912 456
903 914 457
904 916 458
905 918 459
907 920 460
909 922 461
911 924 462
913 926 463
914 928 464
917 930 465
918 932 466
921 934 467
923 936 468
925 938 469
928 940 470
929 942 471
931 944 472
933 946 473
935 948 474
936 950 475
938 952 476
939 954 477
942 956 478
944 958 479
945 960 480
946 962 481
949 964 482
951 966 483
954 968 484
955 970 485
958 972 486
960 974 487
967 976 488
969 978 489
970 980 490
973 982 491
976 984 492
977 986 493
978 988 494
980 990 495
981 992 496
982 994 497
983 996 498
987 998 499
990 1000 500
992 1002 501
993 1004 502
996 1006 503
1001 1008 504
1002 1010 505
1003 1012 506
1005 1014 507
1007 1016 508
1008 1018 509
1009 1020 510
1010 1022 511
1012 1024 512
1014 1026 513
1015 1028 514
1017 1030 515
1018 1032 516
1020 1034 517
1021 1036 518
1023 1038 519
1024 1040 520
1026 1042 521
1027 1044 522
1028 1046 523
1030 1048 524
1032 1050 525
1034 1052 526
1035 1054 527
1038 1056 528
1043 1058 529
1044 1060 530
1048 1062 531
1051 1064 532
1052 1066 533
1054 1068 534
1056 1070 535
1057 1072 536
1059 1074 537
1061 1076 538
1063 1078 539
1064 1080 540
1065 1082 541
1067 1084 542
1068 1086 543
1069 1088 544
1073 1090 545
1076 1092 546
1079 1094 547
1080 1096 548
1081 1098 549
1082 1100 550
1085 1102 551
1087 1104 552
1088 1106 553
1089 1108 554
1090 1110 555
1092 1112 556
1093 1114 557
1096 1116 558
1097 1118 559
1100 1120 560
1102 1122 561
1103 1124 562
1107 1126 563
1108 1128 564
1109 1130 565
1110 1132 566
1111 1134 567
1112 1136 568
1113 1138 569
1114 1140 570
1115 1142 571
1119 1144 572
1121 1146 573
1122 1148 574
1123 1150 575
1125 1152 576
1127 1154 577
1128 1156 578
1132 1158 579
1133 1160 580
1136 1162 581
1137 1164 582
1139 1166 583
1140 1168 584
1141 1170 585
1142 1172 586
1145 1174 587
1146 1176 588
1147 1178 589
1148 1180 590
1153 1182 591
1155 1184 592
1157 1186 593
1162 1188 594
1163 1190 595
1165 1192 596
1166 1194 597
1169 1196 598
1170 1198 599
1171 1200 600
1176 1202 601
1177 1204 602
1181 1206 603
1183 1208 604
1184 1210 605
1185 1212 606
1188 1214 607
1193 1216 608
1195 1218 609
1197 1220 610
1198 1222 611
1202 1224 612
1204 1226 613
1205 1228 614
1206 1230 615
1214 1232 616
1215 1234 617
1217 1236 618
1222 1238 619
1228 1240 620
1230 1242 621
1236 1244 622
1238 1246 623
1243 1248 624
1245 1250 625
1246 1252 626
1247 1254 627
1248 1256 628
1249 1258 629
1250 1260 630
1254 1262 631
1256 1264 632
1263 1266 633
1265 1268 634
1266 1270 635
1269 1272 636
1270 1274 637
1271 1276 638
1273 1278 639
1275 1280 640
1276 1282 641
1277 1284 642
1279 1286 643
1280 1288 644
1282 1290 645
1284 1292 646
1285 1294 647
1290 1296 648
1291 1298 649
1292 1300 650
1293 1302 651
1294 1304 652
1296 1306 653
1299 1308 654
1302 1310 655
1305 1312 656
1306 1314 657
1308 1316 658
1309 1318 659
1311 1320 660
1312 1322 661
1314 1324 662
1317 1326 663
1318 1328 664
1326 1330 665
1327 1332 666
1328 1334 667
1331 1336 668
1334 1338 669
1335 1340 670
1337 1342 671
1338 1344 672
1339 1346 673
1340 1348 674
1342 1350 675
1343 1352 676
1345 1354 677
1349 1356 678
1350 1358 679
1351 1360 680
1353 1362 681
1357 1364 682
1360 1366 683
1365 1368 684
1366 1370 685
1367 1372 686
1372 1374 687
1373 1376 688
1375 1378 689
1376 1380 690
1377 1382 691
1378 1384 692
1379 1386 693
1382 1388 694
1383 1390 695
1385 1392 696
1386 1394 697
1388 1396 698
1389 1398 699
1390 1400 700
1392 1402 701
1398 1404 702
1399 1406 703
1403 1408 704
1404 1410 705
1405 1412 706
1406 1414 707
1407 1416 708
1408 1418 709
1409 1420 710
1411 1422 711
1413 1424 712
1414 1426 713
1415 1428 714
1416 1430 715
1417 1432 716
1418 1434 717
1422 1436 718
1423 1438 719
1424 1440 720
1425 1442 721
1427 1444 722
1429 1446 723
1430 1448 724
1432 1450 725
1433 1452 726
1434 1454 727
1437 1456 728
1439 1458 729
1440 1460 730
1441 1462 731
1443 1464 732
1444 1466 733
1448 1468 734
1450 1470 735
1452 1472 736
1453 1474 737
1454 1476 738
1456 1478 739
1460 1480 740
1462 1482 741
1463 1484 742
1464 1486 743
1466 1488 744
1467 1490 745
1468 1492 746
1474 1494 747
1475 1496 748
1476 1498 749
1477 1500 750
1480 1502 751
1481 1504 752
1482 1506 753
1483 1508 754
1486 1510 755
1487 1512 756
1488 1514 757
1489 1516 758
1491 1518 759
1492 1520 760
1493 1522 761
1494 1524 762
1497 1526 763
1501 1528 764
1505 1530 765
1508 1532 766
1509 1534 767
1510 1536 768
1512 1538 769
1513 1540 770
1516 1542 771
1517 1544 772
1519 1546 773
1521 1548 774
1523 1550 775
1524 1552 776
1525 1554 777
1529 1556 778
1531 1558 779
1535 1560 780
1537 1562 781
1542 1564 782
1544 1566 783
1547 1568 784
1550 1570 785
1551 1572 786
1552 1574 787
1556 1576 788
1558 1578 789
1560 1580 790
1563 1582 791
1565 1584 792
1566 1586 793
1567 1588 794
1568 1590 795
1569 1592 796
1570 1594 797
1572 1596 798
1573 1598 799
1574 1600 800
1575 1602 801
1577 1604 802
1578 1606 803
1579 1608 804
1581 1610 805
1583 1612 806
1584 1614 807
1586 1616 808
1588 1618 809
1591 1620 810
1594 1622 811
1600 1624 812
1601 1626 813
1602 1628 814
1604 1630 815
1605 1632 816
1606 1634 817
1609 1636 818
1610 1638 819
1611 1640 820
1613 1642 821
1614 1644 822
1615 1646 823
1617 1648 824
1618 1650 825
1619 1652 826
1620 1654 827
1621 1656 828
1625 1658 829
1627 1660 830
1630 1662 831
1631 1664 832
1632 1666 833
1634 1668 834
1635 1670 835
1638 1672 836
1639 1674 837
1641 1676 838
1643 1678 839
1655 1680 840
1658 1682 841
1659 1684 842
1660 1686 843
1661 1688 844
1662 1690 845
1663 1692 846
1665 1694 847
1667 1696 848
1671 1698 849
1672 1700 850
1674 1702 851
1678 1704 852
1680 1706 853
1681 1708 854
1684 1710 855
1689 1712 856
1693 1714 857
1695 1716 858
1697 1718 859
1698 1720 860
1701 1722 861
1702 1724 862
1704 1726 863
1706 1728 864
1709 1730 865
1710 1732 866
1711 1734 867
1714 1736 868
1715 1738 869
1716 1740 870
1718 1742 871
1719 1744 872
1723 1746 873
1724 1748 874
1725 1750 875
1726 1752 876
1727 1754 877
1728 1756 878
1730 1758 879
1732 1760 880
1733 1762 881
1737 1764 882
1738 1766 883
1739 1768 884
1741 1770 885
1742 1772 886
1744 1774 887
1745 1776 888
1748 1778 889
1749 1780 890
1750 1782 891
1755 1784 892
1756 1786 893
1758 1788 894
1767 1790 895
1770 1792 896
1772 1794 897
1774 1796 898
1775 1798 899
1778 1800 900
1779 1802 901
1780 1804 902
1783 1806 903
1785 1808 904
1786 1810 905
1788 1812 906
1791 1814 907
1793 1816 908
1794 1818 909
1796 1820 910
1799 1822 911
1800 1824 912
1803 1826 913
1804 1828 914
1807 1830 915
1808 1832 916
1811 1834 917
1812 1836 918
1814 1838 919
1817 1840 920
1818 1842 921
1820 1844 922
1821 1846 923
1822 1848 924
1823 1850 925
1824 1852 926
1828 1854 927
1829 1856 928
1831 1858 929
1834 1860 930
1835 1862 931
1836 1864 932
1839 1866 933
1842 1868 934
1843 1870 935
1844 1872 936
1845 1874 937
1846 1876 938
1848 1878 939
1850 1880 940
1851 1882 941
1854 1884 942
1858 1886 943
1859 1888 944
1863 1890 945
1864 1892 946
1867 1894 947
1869 1896 948
1871 1898 949
1875 1900 950
1879 1902 951
1880 1904 952
1882 1906 953
1883 1908 954
1884 1910 955
1886 1912 956
1889 1914 957
1890 1916 958
1893 1918 959
1894 1920 960
1896 1922 961
1897 1924 962
1901 1926 963
1904 1928 964
1910 1930 965
1914 1932 966
1917 1934 967
1918 1936 968
1920 1938 969
1924 1940 970
1927 1942 971
1929 1944 972
1930 1946 973
1933 1948 974
1934 1950 975
1938 1952 976
1939 1954 977
1942 1956 978
1944 1958 979
1946 1960 980
1947 1962 981
1948 1964 982
1951 1966 983
1952 1968 984
1957 1970 985
1963 1972 986
1964 1974 987
1968 1976 988
1969 1978 989
1970 1980 990
1972 1982 991
1975 1984 992
1976 1986 993
1979 1988 994
1981 1990 995
1982 1992 996
1983 1994 997
1986 1996 998
1987 1998 999
1988 2000 1000
